# oST version 5.0 parameters


[image]

width
1024

height
768

[narrow_stereo]

camera matrix
514.327639 0.000000 462.761736
0.000000 513.301443 255.549709
0.000000 0.000000 1.000000

distortion
-0.287221 0.068394 -0.001606 -0.000110 0.000000

rectification
1.000000 0.000000 0.000000
0.000000 1.000000 0.000000
0.000000 0.000000 1.000000

projection
373.943207 0.000000 462.791655 0.000000
0.000000 398.680969 215.271383 0.000000
0.000000 0.000000 1.000000 0.000000

