image_width: 1024
image_height: 768
camera_name: narrow_stereo
camera_matrix:
  rows: 3
  cols: 3
  data: [325.94932345220167, 0.000000, 511.5, 0.000000, 325.94932345220167, 383.5, 0.000000, 0.000000, 1.000000]
distortion_model: plumb_bob
distortion_coefficients:
  rows: 1
  cols: 5
  data: [0.0, 0.0, 0.0, 0.0, 0.000000]
rectification_matrix:
  rows: 3
  cols: 3
  data: [1.000000, 0.000000, 0.000000, 0.000000, 1.000000, 0.000000, 0.000000, 0.000000, 1.000000]
projection_matrix:
  rows: 3
  cols: 4
  data: [371.587891, 0.000000, 461.794989, 0.000000, 0.000000, 397.668121, 209.807990, 0.000000, 0.000000, 0.000000, 1.000000, 0.000000]
