image_width: 640
image_height: 512
camera_name: narrow_stereo
camera_matrix:
  rows: 3
  cols: 3
  data: [514.177783, 0.000000, 463.225938, 0.000000, 512.656096, 249.719461, 0.000000, 0.000000, 1.000000]
distortion_model: plumb_bob
distortion_coefficients:
  rows: 1
  cols: 5
  data: [-0.06125568297136998, -0.003796743395135256, 0.027326634771204592, -0.030296403142887066]
rectification_matrix:
  rows: 3
  cols: 3
  data: [1.000000, 0.000000, 0.000000, 0.000000, 1.000000, 0.000000, 0.000000, 0.000000, 1.000000]
projection_matrix:
  rows: 3
  cols: 4
  data: [413.32595366566017, 0.000000, 413.70198739483686, 0.000000, 0.000000, 305.9507483284928, 259.4439948946375, 0.000000, 0.000000, 0.000000, 1.000000, 0.000000]

